# Created by Octave 4.2.2, Wed May 15 15:14:12 2019 CEST <pawel@pawel-notebook>
# name: rndstate
# type: matrix
# rows: 625
# columns: 1
 2333349499
 913057024
 1850069077
 2016666826
 2594883708
 3892819798
 3877662254
 1542214691
 2064584823
 3976811581
 4149473925
 156653129
 984299330
 1381613446
 3507527460
 2769876078
 2574595346
 4819632
 2744173945
 2296409392
 2510470453
 3010426453
 1344038147
 2719777467
 3572585844
 3287817708
 1066710228
 2789640564
 4152643893
 252499717
 1690837216
 2261662311
 3917840099
 1458511108
 1729846222
 1582005887
 4022575895
 1299604450
 319567438
 3581356978
 2796865304
 3510988545
 3326243152
 1552913842
 2726833819
 2636587442
 3193804862
 4262833604
 3653551826
 314493253
 3614201160
 3283784954
 2400672979
 4289532730
 1951659700
 2096143719
 2043346669
 3223250869
 3860041043
 3124160933
 3460133583
 209898496
 3815740526
 1850472096
 2019934872
 2962073679
 1393586982
 2770550617
 2775519210
 1972215792
 1834958460
 4109802758
 874967246
 3777485171
 3137465003
 1326135702
 1857010643
 4187610063
 294188097
 2546998979
 647835583
 4040033513
 1999235292
 1900560760
 3365902933
 2368122536
 2006386290
 260786197
 292773665
 3457885126
 3047944028
 807053006
 3551248858
 2064506957
 3992801910
 3984989679
 1959447864
 3303916193
 1686242499
 1288407970
 1924917150
 1777441901
 1468913036
 170122863
 2343049848
 3012217794
 3506835621
 894550577
 3039362916
 1993995366
 661507385
 3373509358
 52288037
 2703607490
 668029657
 3092003272
 344445450
 3918347256
 1922468583
 2745445864
 909481251
 1804579051
 420990164
 2816304116
 2090578660
 2133314351
 107749691
 1355897969
 3523563809
 489453822
 3578468156
 463814582
 2618058156
 2174899843
 2487240434
 4041234558
 1589185156
 519361975
 2388822654
 3241271640
 3845955711
 1405643759
 1010412091
 4017348144
 702689513
 3589407070
 892807769
 1743450173
 3813970177
 573685142
 1273576667
 3435727241
 3000519206
 1368250277
 3292231077
 972407979
 3856332948
 376287160
 1295090245
 587400724
 2743019206
 4222250425
 2229209834
 1302391759
 774335319
 105173739
 2718235751
 257111538
 1710207885
 757303136
 3039761111
 373330790
 4042153477
 1252929162
 4050348511
 2643750604
 2829570407
 1724010432
 1086055346
 2208452989
 2051925147
 706218481
 2153385215
 3224178882
 4218296833
 1780204581
 1938160525
 3345640356
 1258702338
 666072056
 2654820999
 2037378829
 748286946
 705403842
 1143532528
 3204804748
 3354586732
 961849490
 2734659906
 146620776
 13371258
 2579349838
 1403094128
 1005955736
 1404440238
 2307322163
 4112454350
 2839659927
 3200093700
 4292008533
 2361825420
 1135316269
 3959534121
 1028334341
 773652643
 2216082869
 57568860
 2409073037
 1464956050
 4007871349
 3804169034
 3447242752
 3319217586
 2427726937
 267349521
 2631482099
 1954772419
 1108986810
 1105847041
 2234074628
 3059077511
 1793917870
 1078963063
 2167918093
 878358443
 3982599163
 3321408107
 677860123
 1146812070
 297912155
 398137032
 257759105
 229634621
 2476180782
 1763518577
 3859899005
 2455175710
 657259667
 1674730713
 3707581217
 2867485438
 1105332090
 1972877649
 3768807215
 4261082331
 420533334
 3627330386
 2204923322
 3268362133
 3670742350
 3200930720
 811031422
 1508082088
 3758073162
 3028166761
 2809516991
 1537747737
 3842754023
 3763107502
 519430306
 485101887
 176688540
 3652129746
 910657958
 3667117422
 1125428549
 3457514286
 3973160037
 3097113135
 2921264005
 906403682
 2789177740
 4254588171
 1597564416
 3724069631
 1602557658
 743869660
 3662007537
 2582834308
 2859773755
 1088386834
 1977137919
 3608571334
 229914325
 1027360247
 3243890944
 832099898
 4238675536
 2262212766
 1897952962
 2695581172
 1085515028
 3487434391
 3157304870
 176660872
 3487394766
 2746237134
 4225885936
 531978938
 747960370
 2903931922
 3314796342
 3194947723
 1455427877
 2830656742
 33988092
 125661241
 256792052
 496024930
 776530550
 3379464621
 2715750223
 2183147893
 2709120945
 521038751
 3107276816
 23802025
 2792252664
 2742871335
 3299631118
 1935195397
 1162694649
 3298850831
 54843972
 3595681589
 4159006135
 1057641324
 3292567184
 3792054564
 1698810199
 429771185
 385788706
 1509827980
 860912768
 3056171821
 4076454407
 954311237
 1891777319
 3942405906
 227812070
 1303356904
 3527787692
 3408917583
 2109395390
 3745813630
 3935083474
 3675894001
 705563472
 1564547043
 3261170857
 2209743550
 1212435443
 3442659930
 1591612743
 1133558206
 2463022611
 2593186144
 2183296929
 288684264
 3056831874
 3583857988
 2905902355
 2079301148
 2520679569
 3657491265
 3479126214
 1525847285
 2610911658
 3456978795
 3823489702
 1019244466
 1057986611
 1259910864
 2623271977
 1150601737
 203037217
 1475084463
 1384659480
 2571473815
 650486365
 619432520
 3856553830
 1944437096
 2492346991
 4292150796
 1242925095
 1791817681
 248283476
 184276832
 1202925575
 1892111233
 604385134
 2788024416
 3249150307
 2645733068
 2720880575
 4208234363
 3519204967
 1537081591
 380911279
 430765062
 1013761120
 4102122887
 2794254038
 3490405416
 1084410346
 2162336069
 4231541335
 3144979370
 1404469117
 667397205
 557443408
 2450796994
 2031426223
 3090266114
 1693139255
 3867095322
 4225375643
 2352424181
 2961326856
 2356325155
 1861767239
 3440807139
 4046933132
 677836455
 4213274380
 3444269892
 939989947
 1760683272
 345067765
 3228589149
 3028409771
 1129971644
 2499837247
 723994972
 2672249857
 1443500842
 3337567123
 1584415858
 4101811248
 881703772
 1818615426
 1122410117
 1009680663
 322331761
 2226525742
 3107360025
 2048287706
 979030910
 2287328991
 1246138430
 1838349369
 2981755115
 1482761769
 3770197904
 3289420589
 1375241107
 369949938
 2197754820
 719992771
 2931420999
 2239210232
 3178269030
 1179742146
 3349827207
 1552937710
 4161529610
 612402701
 1930409204
 3101407169
 321021727
 566782453
 4048546973
 3673392271
 1269690627
 4090764073
 997902773
 2390694152
 148114988
 1806363244
 2870247132
 18042925
 3075260170
 2199457227
 4163479484
 1745963143
 3450214657
 2339477329
 3495443190
 73873633
 2080520730
 16066111
 3690085543
 1757678660
 1029982139
 1699311097
 1998044181
 3016735023
 2591154693
 2319384341
 2371979440
 681316515
 2673984456
 2744057963
 1019417980
 2179044362
 3807171307
 1472578575
 3713942724
 68645899
 399406118
 3060119119
 4006476337
 2137217307
 4120209100
 3281354643
 3984417498
 974573337
 2135772263
 2336692994
 3153844219
 1904828453
 1265669290
 3194520252
 1740809097
 2947270839
 662643150
 3129988775
 1794631537
 2892147900
 3558909484
 3771919033
 850210143
 2086940158
 347707577
 33772561
 4263445575
 4269688106
 2933420515
 917166541
 4082843501
 3083859851
 1653836811
 4268571494
 2723205108
 3235890248
 2060083677
 1096645375
 692010398
 1899010884
 4171405200
 1350235221
 1503014568
 616714018
 3967498213
 1575960770
 3885399355
 1727387200
 1244769863
 3506714982
 3364436753
 1988718291
 122098167
 3260051452
 1887254317
 2196449232
 3346804675
 1830959021
 184531372
 374570336
 327322871
 1816104093
 734183992
 396022333
 1201531101
 4007239078
 566448774
 370354295
 3081017468
 1362894117
 545816400
 3521119544
 1434808899
 3584219533
 1895943268
 455860635
 1654567292
 4057307274
 3077069389
 2194002521
 3873506547
 2390051507
 3156169541
 934380514
 3733067444
 984110683
 8241988
 489215959
 3344165666
 476865083
 3615602885
 1521907208
 292320653
 194586463
 3727699591
 2804141393
 3411621804
 2025567417
 3906692635
 3944426267
 1121647882
 371686381
 3075378393
 4132326451
 495


