# Created by Octave 4.2.2, Wed May 15 15:14:12 2019 CEST <pawel@pawel-notebook>
# name: rndstate
# type: uint32 matrix
# ndims: 2
 625 1
 3596789841
 755527398
 2377981657
 4181064118
 785562312
 3501034766
 3788373473
 1965262173
 4173379030
 649795181
 2010751129
 3090930003
 2732165021
 1092862491
 1541504258
 3397390817
 2306609367
 607893005
 3655430478
 3374596121
 3476037889
 687835578
 1793107436
 4094151549
 1443440034
 217203987
 1118108834
 2368375848
 1358835830
 1595041570
 363243447
 1076731068
 1426369738
 3994177060
 1601687597
 1760279996
 253779766
 2388166105
 3146464180
 3127514354
 3497607275
 3405822618
 3561294139
 4005642682
 1912242562
 2491206597
 2581037543
 4063115538
 3072234682
 801305440
 2170076175
 273956101
 107247897
 2228923947
 1024107233
 563714803
 2825256888
 92589767
 3785165399
 812461737
 2425472914
 897795507
 2730887149
 3000775239
 3045468038
 3898858133
 1562974372
 859021632
 442506833
 259879207
 811863688
 2950087473
 426906013
 3988561420
 2632493387
 3927944237
 122067095
 2266137526
 87228779
 2588445931
 3504275881
 3449557575
 1559978968
 3462628618
 841716587
 2741024261
 2690585365
 3011452468
 3991192348
 2475454913
 2034009828
 2922809718
 1751283220
 746301379
 1111384534
 2462534680
 2860336066
 2948074185
 1782319856
 1505185702
 3561988322
 249047088
 1883842864
 430328966
 484985315
 3403481691
 2588647435
 3571688965
 71456922
 1006041835
 3356069907
 1814875983
 3404327014
 997299752
 4136597219
 280349056
 1443524844
 2821736246
 1467597185
 2652658523
 1803916605
 1174138650
 2077006599
 3875027712
 587460330
 478044798
 3146968429
 1654532126
 4156415853
 2287571232
 4091769286
 1981579716
 669750454
 3601387566
 3074254241
 2699032886
 3163764101
 297061200
 509952575
 2303189401
 2989348698
 1447877515
 2050080720
 3347277761
 921085582
 4276994436
 2217323022
 3086204822
 754555117
 2699447349
 440488467
 1986438286
 3294445872
 2647415590
 3791872570
 2850675288
 3573976016
 1159750764
 2626367511
 2424046452
 1748099086
 2868945472
 2053812542
 3777087059
 2753681622
 4088649365
 3767785601
 133123070
 1120532564
 3230958185
 2782076682
 1977092457
 341973516
 708861173
 3110957813
 3097581552
 407274282
 1096336955
 625087012
 3675178570
 3844188358
 4031690185
 4066953233
 2745734299
 3575279256
 1291448035
 1874073333
 1728039532
 200116163
 3383567427
 3409131245
 1014036069
 1258708764
 3133664718
 730773789
 3984143081
 843835045
 2591348219
 3205634867
 1919219512
 3012383103
 3427750025
 3159375345
 1713836512
 2415094118
 4081014194
 2043309463
 1504716320
 3695340424
 2768693740
 3915766575
 3710561174
 992997882
 3402711612
 3127572884
 2596434833
 2083252923
 789978131
 2783417969
 737694430
 2290415661
 4034134784
 1208024904
 1630887203
 127105337
 1727760609
 1441625248
 943451430
 62446187
 3052490731
 4290691378
 4078388873
 1240379461
 1286011491
 932740021
 3049108090
 322325472
 1552691361
 3326278985
 1647257718
 2832369068
 95391562
 648021217
 3390132945
 2145325812
 1906735138
 3984863195
 3180648470
 2161516430
 1763026401
 2347989885
 3367285973
 3774101967
 339584784
 2026093866
 1576353179
 1937978117
 4018615572
 3161427356
 318154034
 3240446186
 2620104204
 3342863103
 1092044904
 2720752559
 918484063
 2251699094
 969449947
 4234356683
 640600184
 3487727346
 3608650783
 1354541036
 674227221
 1460711873
 942069772
 1740022298
 3851376613
 951340983
 37347845
 2735569995
 4039404665
 1463791038
 230703149
 916987642
 2470051066
 2682573133
 3191797807
 2189378850
 1425085587
 784069670
 1091708317
 3598878570
 324608513
 813714505
 1016703373
 420151293
 1141089273
 3153508567
 2904815871
 1499690677
 678497821
 1573279150
 1248462349
 2552442722
 1374744164
 903591357
 1178244198
 3044511265
 330992140
 46466548
 401552049
 2232937817
 983656543
 2082037278
 2342191215
 2084466675
 889015724
 256058273
 1678622866
 977203735
 2433944249
 3277689214
 1282018867
 2383007297
 1033114234
 3060453108
 1423229627
 256663334
 2355781437
 4211026788
 1208803146
 1994538099
 3188432277
 3227785987
 715860341
 3155745227
 4084238609
 1191204152
 527789485
 2457595909
 3117857056
 2017864214
 831734095
 268257811
 3178197379
 4279241169
 4056614052
 895854827
 930019725
 36195476
 1285159266
 1428161923
 3767261015
 2547632631
 3254255763
 2713726423
 3452777653
 3384495990
 2524269062
 2903099869
 3749584309
 2198771651
 3373207580
 2858014772
 1546722650
 3109486706
 110391314
 31311317
 1288854178
 61051538
 3244408693
 2569665887
 994057849
 1906974398
 3243111599
 1227650701
 3424196291
 4194832511
 3626701235
 3600793813
 596137089
 1379637847
 2047624871
 1819722121
 2306257743
 212433513
 1018320167
 2107481275
 1249250641
 614593932
 3254510436
 3769397521
 3895849714
 3161304940
 16314979
 251641504
 1705964497
 668913165
 3183249818
 2073710219
 2340991059
 191332752
 591534668
 383112684
 854453766
 2147085077
 3771636184
 103588721
 3296948526
 77041055
 1690206874
 653849519
 1280245374
 396173228
 3791380565
 3984846735
 1001505908
 2648759086
 2016640606
 1911485165
 1184431387
 815828265
 2642641491
 3034591206
 2163282220
 2931773620
 1185389031
 246645278
 2355212161
 2153527747
 1627909510
 202415863
 1112022427
 4130183919
 2760950343
 3580659626
 4195949415
 2523763137
 41351787
 725476739
 2739424117
 3223122603
 475511833
 2198019233
 1398282326
 2328059157
 3961444923
 1827887939
 2640906485
 3201946399
 1537428651
 975893815
 3429758910
 2004665890
 4248423448
 1021025486
 652826907
 3250397392
 532348103
 3796286770
 659848187
 3190117215
 1717088357
 3129591171
 2328878318
 4249069623
 3259630087
 3932319342
 1750689379
 3879939908
 987584968
 649359978
 1515636116
 1476106305
 3727264147
 2241722389
 133963720
 3596495125
 3377982526
 4023796125
 244018275
 3835246041
 3993289276
 3841262873
 3301823363
 1226270807
 1593334420
 3375015942
 1262150122
 1063132188
 1071084100
 4000333135
 714549289
 1088175608
 1026547573
 2914804210
 2478632068
 2982619394
 2638346882
 1288322555
 517015370
 3622893240
 4006564406
 3286691770
 1158419292
 1089236486
 66791776
 1354499757
 2199156833
 2019411474
 2896298750
 1651659526
 1942535268
 1361104227
 1431072933
 3059099973
 3230811830
 635362746
 3785507324
 3258221660
 3872699237
 257893258
 371647838
 2399379689
 1375793292
 4031779
 1838881817
 3970581999
 2170589697
 2082846327
 3868764924
 2822582234
 924586134
 1540350872
 1954599588
 845705907
 3959625523
 1103758793
 3204289227
 4185182110
 1014939414
 1770254284
 2627503858
 146471126
 1615110984
 2963968143
 1778196494
 1194655116
 1527684639
 4012196601
 1261471989
 4133451797
 1151700081
 491497585
 3858158149
 689658158
 1358172766
 3255713433
 299197277
 1946403647
 3011667954
 817509914
 489858102
 148337659
 1793440840
 4033895117
 2511087789
 3459006870
 1311824489
 4129856955
 2555062082
 4079808830
 3209134964
 761902912
 726434744
 3345420078
 3016548214
 210162826
 3616085888
 2335135918
 2270182224
 2309617206
 2199142029
 3492463560
 1716053309
 2307825587
 3981804510
 2925408629
 2829260966
 1524258759
 1537731175
 3222227821
 244446165
 14839642
 2693638280
 594632349
 408692341
 685243693
 2337400096
 3934123880
 3348914734
 253543883
 1155827023
 2242099548
 2420716852
 3892535544
 2166837979
 2242663110
 1762969438
 173184862
 2488851786
 4218789234
 665711270
 1362731573
 1577941380
 3139089973
 649233391
 3649539558
 1065394502
 1590737395
 2882254913
 1548117828
 4240857687
 503


